# M,mandate
0.000000000000000000e+00,-4.980604722328495620e-35
1.000500250125062503e-02,2.879340364246986417e-02
2.001000500250125005e-02,5.722134117697166150e-02
3.001500750375187682e-02,8.527888986004864003e-02
4.002001000500250011e-02,1.129613305995327138e-01
5.002501250625312340e-02,1.402641520197416281e-01
6.003001500750375363e-02,1.671830542605159398e-01
7.003501750875437692e-02,1.937139525042764487e-01
8.004002001000500022e-02,2.198529802258300525e-01
9.004502251125562351e-02,2.455964921602098727e-01
1.000500250125062468e-01,2.709410669844034558e-01
1.100550275137568701e-01,2.958835097094002498e-01
1.200600300150075073e-01,3.204208537795721901e-01
1.300650325162581167e-01,3.445503628769900351e-01
1.400700350175087538e-01,3.682695324288704497e-01
1.500750375187593633e-01,3.915760908169417243e-01
1.600800400200100004e-01,4.144680002881136471e-01
1.700850425212606376e-01,4.369434575664254972e-01
1.800900450225112470e-01,4.590008941668413667e-01
1.900950475237618842e-01,4.806389764120455044e-01
2.001000500250124936e-01,5.018566051539697925e-01
2.101050525262631308e-01,5.226529152023606795e-01
2.201100550275137402e-01,5.430272744632543835e-01
2.301150575287643774e-01,5.629792827907831310e-01
2.401200600300150145e-01,5.825087705562759233e-01
2.501250625312656517e-01,6.016157969391470184e-01
2.601300650325162334e-01,6.203006479445763999e-01
2.701350675337668705e-01,6.385638341534872753e-01
2.801400700350175077e-01,6.564060882108024852e-01
2.901450725362681449e-01,6.738283620584286648e-01
3.001500750375187265e-01,6.908318239198562027e-01
3.101550775387693637e-01,7.074178550436893698e-01
3.201600800400200009e-01,7.235880462138200020e-01
3.301650825412706380e-01,7.393441940343397079e-01
3.401700850425212752e-01,7.546882969976421718e-01
3.501750875437718569e-01,7.696225513444996391e-01
3.601800900450224940e-01,7.841493467252077521e-01
3.701850925462731312e-01,7.982712616711751252e-01
3.801900950475237684e-01,8.119910588865970613e-01
3.901950975487743500e-01,8.253116803700819570e-01
4.002001000500249872e-01,8.382362423763097814e-01
4.102051025512756244e-01,8.507680302279794216e-01
4.202101050525262615e-01,8.629104929884635622e-01
4.302151075537768987e-01,8.746672380057097795e-01
4.402201100550274804e-01,8.860420253380366651e-01
4.502251125562781175e-01,8.970387620725448485e-01
4.602301150575287547e-01,9.076614965469156360e-01
4.702351175587793919e-01,9.179144124853934050e-01
4.802401200600300291e-01,9.278018230597457894e-01
4.902451225612806107e-01,9.373281648859727033e-01
5.002501250625313034e-01,9.464979919674798570e-01
5.102551275637818851e-01,9.553159695953619135e-01
5.202601300650324667e-01,9.637868682163394096e-01
5.302651325662831594e-01,9.719155572787746555e-01
5.402701350675337411e-01,9.797069990670452810e-01
5.502751375687843227e-01,9.871662425343954439e-01
5.602801400700350154e-01,9.942984171441940910e-01
5.702851425712855971e-01,1.001108726729328380e+00
5.802901450725362897e-01,1.007602443379238322e+00
5.902951475737868714e-01,1.013784901363853352e+00
6.003001500750374531e-01,1.019661491103441175e+00
6.103051525762881457e-01,1.025237653193099119e+00
6.203101550775387274e-01,1.030518872490335358e+00
6.303151575787894201e-01,1.035510672273883381e+00
6.403201600800400017e-01,1.040218608481579876e+00
6.503251625812905834e-01,1.044648264034814256e+00
6.603301650825412761e-01,1.048805243256715647e+00
6.703351675837918577e-01,1.052695166390904546e+00
6.803401700850425504e-01,1.056323664227284631e+00
6.903451725862931321e-01,1.059696372840983170e+00
7.003501750875437137e-01,1.062818928450192768e+00
7.103551775887944064e-01,1.065696962398290593e+00
7.203601800900449881e-01,1.068336096265240620e+00
7.303651825912956808e-01,1.070741937112907660e+00
7.403701850925462624e-01,1.072920072868537078e+00
7.503751875937968441e-01,1.074876067850271788e+00
7.603801900950475368e-01,1.076615458438205275e+00
7.703851925962981184e-01,1.078143748894093035e+00
7.803901950975487001e-01,1.079466407332469124e+00
7.903951975987993928e-01,1.080588861845552362e+00
8.004002001000499744e-01,1.081516496783951675e+00
8.104052026013006671e-01,1.082254649194830609e+00
8.204102051025512488e-01,1.082808605418831061e+00
8.304152076038018304e-01,1.083183597846711477e+00
8.404202101050525231e-01,1.083384801836316580e+00
8.504252126063031048e-01,1.083417332790165055e+00
8.604302151075537974e-01,1.083286243393615678e+00
8.704352176088043791e-01,1.082996521013267932e+00
8.804402201100549608e-01,1.082553085254941427e+00
8.904452226113056534e-01,1.081960785680295301e+00
9.004502251125562351e-01,1.081224399680862147e+00
9.104552276138069278e-01,1.080348630508003671e+00
9.204602301150575094e-01,1.079338105457039232e+00
9.304652326163080911e-01,1.078197374203550440e+00
9.404702351175587838e-01,1.076930907289634920e+00
9.504752376188093654e-01,1.075543094757658080e+00
9.604802401200600581e-01,1.074038244928848362e+00
9.704852426213106398e-01,1.072420583323884680e+00
9.804902451225612214e-01,1.070711574085420947e+00
9.904952476238119141e-01,1.069017563135987281e+00
1.000500250125062607e+00,1.067355683232435570e+00
1.010505252626313188e+00,1.065725558430882902e+00
1.020510255127563770e+00,1.064126811192838584e+00
1.030515257628814352e+00,1.062559062560605616e+00
1.040520260130064933e+00,1.061021932330658002e+00
1.050525262631315737e+00,1.059515039224899535e+00
1.060530265132566319e+00,1.058038001059719679e+00
1.070535267633816900e+00,1.056590434912759946e+00
1.080540270135067482e+00,1.055171957287309503e+00
1.090545272636318064e+00,1.053782184274253186e+00
1.100550275137568645e+00,1.052420731711497970e+00
1.110555277638819449e+00,1.051087215340804626e+00
1.120560280140070031e+00,1.049781250961960399e+00
1.130565282641320612e+00,1.048502454584225863e+00
1.140570285142571194e+00,1.047250442574998441e+00
1.150575287643821776e+00,1.046024831805633104e+00
1.160580290145072579e+00,1.044825239794368699e+00
1.170585292646323161e+00,1.043651284846308203e+00
1.180590295147573743e+00,1.042502586190409142e+00
1.190595297648824324e+00,1.041378764113438216e+00
1.200600300150074906e+00,1.040279440090852381e+00
1.210605302651325710e+00,1.039204236914569979e+00
1.220610305152576291e+00,1.038152778817599042e+00
1.230615307653826873e+00,1.037124691595492809e+00
1.240620310155077455e+00,1.036119602724607569e+00
1.250625312656328036e+00,1.035137141477139533e+00
1.260630315157578840e+00,1.034176939032920295e+00
1.270635317658829422e+00,1.033238628587956454e+00
1.280640320160080003e+00,1.032321845459698295e+00
1.290645322661330585e+00,1.031426227189029765e+00
1.300650325162581167e+00,1.030551413638969072e+00
1.310655327663831970e+00,1.029697047090081252e+00
1.320660330165082552e+00,1.028862772332596265e+00
1.330665332666333134e+00,1.028048236755238598e+00
1.340670335167583715e+00,1.027253090430770399e+00
1.350675337668834297e+00,1.026476986198256336e+00
1.360680340170085101e+00,1.025719579742062626e+00
1.370685342671335682e+00,1.024980529667599338e+00
1.380690345172586264e+00,1.024259497573822397e+00
1.390695347673836846e+00,1.023556148122516163e+00
1.400700350175087427e+00,1.022870149104373017e+00
1.410705352676338231e+00,1.022201171501893491e+00
1.420710355177588813e+00,1.021548889549134476e+00
1.430715357678839394e+00,1.020912980788328150e+00
1.440720360180089976e+00,1.020293126123405170e+00
1.450725362681340558e+00,1.019689009870450302e+00
1.460730365182591362e+00,1.019100319805126054e+00
1.470735367683841943e+00,1.018526747207097127e+00
1.480740370185092525e+00,1.017967986901494593e+00
1.490745372686343106e+00,1.017423737297456832e+00
1.500750375187593688e+00,1.016893700423790126e+00
1.510755377688844270e+00,1.016377581961786625e+00
1.520760380190095074e+00,1.015875091275247888e+00
1.530765382691345655e+00,1.015385941437754402e+00
1.540770385192596237e+00,1.014909849257230601e+00
1.550775387693846818e+00,1.014446535297850449e+00
1.560780390195097400e+00,1.013995723899333345e+00
1.570785392696348204e+00,1.013557143193680732e+00
1.580790395197598786e+00,1.013130525119400493e+00
1.590795397698849367e+00,1.012715605433275767e+00
1.600800400200099949e+00,1.012312123719726786e+00
1.610805402701350530e+00,1.011919823397821494e+00
1.620810405202601334e+00,1.011538451725985333e+00
1.630815407703851916e+00,1.011167759804471045e+00
1.640820410205102498e+00,1.010807502575636008e+00
1.650825412706353079e+00,1.010457438822089715e+00
1.660830415207603661e+00,1.010117331162762033e+00
1.670835417708854465e+00,1.009786946046953293e+00
1.680840420210105046e+00,1.009466053746419067e+00
1.690845422711355628e+00,1.009154428345549137e+00
1.700850425212606210e+00,1.008851847729697715e+00
1.710855427713856791e+00,1.008558093571719327e+00
1.720860430215107595e+00,1.008272951316772303e+00
1.730865432716358177e+00,1.007996210165443385e+00
1.740870435217608758e+00,1.007727663055251854e+00
1.750875437718859340e+00,1.007467106640590027e+00
1.760880440220109922e+00,1.007214341271158276e+00
1.770885442721360725e+00,1.006969170968949001e+00
1.780890445222611307e+00,1.006731403403837488e+00
1.790895447723861889e+00,1.006500849867835390e+00
1.800900450225112470e+00,1.006277325248061238e+00
1.810905452726363052e+00,1.006060647998485047e+00
1.820910455227613856e+00,1.005850640110499405e+00
1.830915457728864437e+00,1.005647127082374359e+00
1.840920460230115019e+00,1.005449937887644918e+00
1.850925462731365601e+00,1.005258904942490039e+00
1.860930465232616182e+00,1.005073864072148604e+00
1.870935467733866986e+00,1.004894654476432336e+00
1.880940470235117568e+00,1.004721118694376525e+00
1.890945472736368149e+00,1.004553102568089162e+00
1.900950475237618731e+00,1.004390455205838917e+00
1.910955477738869313e+00,1.004233028944437445e+00
1.920960480240120116e+00,1.004080679310958013e+00
1.930965482741370698e+00,1.003933264983843276e+00
1.940970485242621280e+00,1.003790647753443066e+00
1.950975487743871861e+00,1.003652692482029041e+00
1.960980490245122443e+00,1.003519267063333498e+00
1.970985492746373025e+00,1.003390242381650088e+00
1.980990495247623828e+00,1.003265492270543291e+00
1.990995497748874410e+00,1.003144893471207055e+00
2.001000500250125214e+00,1.003028325590510139e+00
2.011005502751375573e+00,1.002915671058772329e+00
2.021010505252626377e+00,1.002806815087306624e+00
2.031015507753876737e+00,1.002701645625764915e+00
2.041020510255127540e+00,1.002600053319326889e+00
2.051025512756378344e+00,1.002501931465761498e+00
2.061030515257628704e+00,1.002407175972403142e+00
2.071035517758879507e+00,1.002315685313068139e+00
2.081040520260129867e+00,1.002227360484949648e+00
2.091045522761380671e+00,1.002142104965520142e+00
2.101050525262631474e+00,1.002059824669470522e+00
2.111055527763881834e+00,1.001980427905718063e+00
2.121060530265132638e+00,1.001903825334508502e+00
2.131065532766382997e+00,1.001829929924641815e+00
2.141070535267633801e+00,1.001758656910846090e+00
2.151075537768884161e+00,1.001689923751326594e+00
2.161080540270134964e+00,1.001623650085512018e+00
2.171085542771385768e+00,1.001559757692024766e+00
2.181090545272636128e+00,1.001498170446891489e+00
2.191095547773886931e+00,1.001438814282022971e+00
2.201100550275137291e+00,1.001381617143977332e+00
2.211105552776388095e+00,1.001326508953028105e+00
2.221110555277638898e+00,1.001273421562558052e+00
2.231115557778889258e+00,1.001222288718792042e+00
2.241120560280140062e+00,1.001173046020888524e+00
2.251125562781390421e+00,1.001125630881405160e+00
2.261130565282641225e+00,1.001079982487152131e+00
2.271135567783892029e+00,1.001036041760448692e+00
2.281140570285142388e+00,1.000993751320795155e+00
2.291145572786393192e+00,1.000953055446973439e+00
2.301150575287643552e+00,1.000913900039586801e+00
2.311155577788894355e+00,1.000876232584050562e+00
2.321160580290145159e+00,1.000840002114043337e+00
2.331165582791395519e+00,1.000805159175428116e+00
2.341170585292646322e+00,1.000771655790650305e+00
2.351175587793896682e+00,1.000739445423624474e+00
2.361180590295147486e+00,1.000708482945111388e+00
2.371185592796398289e+00,1.000678724598596858e+00
2.381190595297648649e+00,1.000650127966673741e+00
2.391195597798899453e+00,1.000622651937935981e+00
2.401200600300149812e+00,1.000596256674386453e+00
2.411205602801400616e+00,1.000570903579363735e+00
2.421210605302651420e+00,1.000546555265990678e+00
2.431215607803901779e+00,1.000523175526147002e+00
2.441220610305152583e+00,1.000500729299969249e+00
2.451225612806402943e+00,1.000479182645878318e+00
2.461230615307653746e+00,1.000458502711136788e+00
2.471235617808904550e+00,1.000438657702936052e+00
2.481240620310154910e+00,1.000419616860011907e+00
2.491245622811405713e+00,1.000401350424792390e+00
2.501250625312656073e+00,1.000383829616071418e+00
2.511255627813906877e+00,1.000367026602212661e+00
2.521260630315157680e+00,1.000350914474876562e+00
2.531265632816408040e+00,1.000335467223273600e+00
2.541270635317658844e+00,1.000320659708937132e+00
2.551275637818909203e+00,1.000306467641015828e+00
2.561280640320160007e+00,1.000292867552081244e+00
2.571285642821410811e+00,1.000279836774447206e+00
2.581290645322661170e+00,1.000267353416998573e+00
2.591295647823911974e+00,1.000255396342523584e+00
2.601300650325162334e+00,1.000243945145546043e+00
2.611305652826413137e+00,1.000232980130652871e+00
2.621310655327663941e+00,1.000222482291313941e+00
2.631315657828914301e+00,1.000212433289185521e+00
2.641320660330165104e+00,1.000202815433895331e+00
2.651325662831415464e+00,1.000193611663302784e+00
2.661330665332666268e+00,1.000184805524226839e+00
2.671335667833917071e+00,1.000176381153640381e+00
2.681340670335167431e+00,1.000168323260319347e+00
2.691345672836418235e+00,1.000160617106945260e+00
2.701350675337668594e+00,1.000153248492651858e+00
2.711355677838919398e+00,1.000146203736011596e+00
2.721360680340170202e+00,1.000139469658454239e+00
2.731365682841420561e+00,1.000133033568110452e+00
2.741370685342671365e+00,1.000126883244076170e+00
2.751375687843921725e+00,1.000121006921088629e+00
2.761380690345172528e+00,1.000115393274607412e+00
2.771385692846423332e+00,1.000110031406295619e+00
2.781390695347673692e+00,1.000104910829891836e+00
2.791395697848924495e+00,1.000100021457467570e+00
2.801400700350174855e+00,1.000095353586063052e+00
2.811405702851425659e+00,1.000090897884692076e+00
2.821410705352676462e+00,1.000086645381713435e+00
2.831415707853926822e+00,1.000082587452557181e+00
2.841420710355177626e+00,1.000078715807801943e+00
2.851425712856427985e+00,1.000075022481593523e+00
2.861430715357678789e+00,1.000071499820401666e+00
2.871435717858929593e+00,1.000068140472103462e+00
2.881440720360179952e+00,1.000064937375390262e+00
2.891445722861430756e+00,1.000061883749487679e+00
2.901450725362681116e+00,1.000058973084186453e+00
2.911455727863931919e+00,1.000056199130171297e+00
2.921460730365182723e+00,1.000053555889646839e+00
2.931465732866433083e+00,1.000051037607249560e+00
2.941470735367683886e+00,1.000048638761242170e+00
2.951475737868934246e+00,1.000046354054981101e+00
2.961480740370185050e+00,1.000044178408652451e+00
2.971485742871435853e+00,1.000042106951269272e+00
2.981490745372686213e+00,1.000040135012923770e+00
2.991495747873937017e+00,1.000038258117288636e+00
3.001500750375187376e+00,1.000036471974359520e+00
3.011505752876438180e+00,1.000034772473435085e+00
3.021510755377688540e+00,1.000033155676326446e+00
3.031515757878939343e+00,1.000031617810790641e+00
3.041520760380190147e+00,1.000030155264182818e+00
3.051525762881440507e+00,1.000028764577320484e+00
3.061530765382691310e+00,1.000027442438554681e+00
3.071535767883941670e+00,1.000026185678041246e+00
3.081540770385192474e+00,1.000024991262209673e+00
3.091545772886443277e+00,1.000023856288419166e+00
3.101550775387693637e+00,1.000022777979802324e+00
3.111555777888944441e+00,1.000021753680285341e+00
3.121560780390194800e+00,1.000020780849785629e+00
3.131565782891445604e+00,1.000019857059576189e+00
3.141570785392696408e+00,1.000018979987814527e+00
3.151575787893946767e+00,1.000018147415233649e+00
3.161580790395197571e+00,1.000017357220983838e+00
3.171585792896447931e+00,1.000016607378627187e+00
3.181590795397698734e+00,1.000015895952277134e+00
3.191595797898949538e+00,1.000015221092878104e+00
3.201600800400199898e+00,1.000014581034623262e+00
3.211605802901450701e+00,1.000013974091502611e+00
3.221610805402701061e+00,1.000013398653982089e+00
3.231615807903951865e+00,1.000012853185804573e+00
3.241620810405202668e+00,1.000012336220911457e+00
3.251625812906453028e+00,1.000011846360482126e+00
3.261630815407703832e+00,1.000011382270084459e+00
3.271635817908954191e+00,1.000010942676934134e+00
3.281640820410204995e+00,1.000010526367260955e+00
3.291645822911455799e+00,1.000010132183774436e+00
3.301650825412706158e+00,1.000009759023230194e+00
3.311655827913956962e+00,1.000009405834090259e+00
3.321660830415207322e+00,1.000009071614274658e+00
3.331665832916458125e+00,1.000008755409003580e+00
3.341670835417708929e+00,1.000008456308722593e+00
3.351675837918959289e+00,1.000008173447113569e+00
3.361680840420210092e+00,1.000007905999181768e+00
3.371685842921460452e+00,1.000007653179424416e+00
3.381690845422711256e+00,1.000007414240068560e+00
3.391695847923962059e+00,1.000007188469384634e+00
3.401700850425212419e+00,1.000006975190066649e+00
3.411705852926463223e+00,1.000006773757680323e+00
3.421710855427713582e+00,1.000006583559173379e+00
3.431715857928964386e+00,1.000006404011450467e+00
3.441720860430215190e+00,1.000006234560004925e+00
3.451725862931465549e+00,1.000006074677609380e+00
3.461730865432716353e+00,1.000005923863060087e+00
3.471735867933966713e+00,1.000005781639976998e+00
3.481740870435217516e+00,1.000005647555651134e+00
3.491745872936468320e+00,1.000005521179944568e+00
3.501750875437718680e+00,1.000005402104235053e+00
3.511755877938969483e+00,1.000005289940407938e+00
3.521760880440219843e+00,1.000005184319890716e+00
3.531765882941470647e+00,1.000005084892729323e+00
3.541770885442721450e+00,1.000004991326706172e+00
3.551775887943971810e+00,1.000004903306495052e+00
3.561780890445222614e+00,1.000004820532854666e+00
3.571785892946472973e+00,1.000004742721857021e+00
3.581790895447723777e+00,1.000004669604150687e+00
3.591795897948974581e+00,1.000004600924256248e+00
3.601800900450224940e+00,1.000004536439894842e+00
3.611805902951475744e+00,1.000004475921344449e+00
3.621810905452726104e+00,1.000004419150827495e+00
3.631815907953976907e+00,1.000004365921925986e+00
3.641820910455227711e+00,1.000004316039021957e+00
3.651825912956478071e+00,1.000004269316764338e+00
3.661830915457728874e+00,1.000004225579561368e+00
3.671835917958979234e+00,1.000004184661094531e+00
3.681840920460230038e+00,1.000004146403856931e+00
3.691845922961480841e+00,1.000004110658710976e+00
3.701850925462731201e+00,1.000004077284469162e+00
3.711855927963982005e+00,1.000004046147493053e+00
3.721860930465232364e+00,1.000004017121310707e+00
3.731865932966483168e+00,1.000003990086254069e+00
3.741870935467733972e+00,1.000003964929111921e+00
3.751875937968984331e+00,1.000003941542799923e+00
3.761880940470235135e+00,1.000003919826046639e+00
3.771885942971485495e+00,1.000003899683094666e+00
3.781890945472736298e+00,1.000003881023415753e+00
3.791895947973987102e+00,1.000003863761439460e+00
3.801900950475237462e+00,1.000003847816297142e+00
3.811905952976488265e+00,1.000003833111574814e+00
3.821910955477738625e+00,1.000003819575081998e+00
3.831915957978989429e+00,1.000003807138628575e+00
3.841920960480240232e+00,1.000003795737815393e+00
3.851925962981490592e+00,1.000003785311832871e+00
3.861930965482741396e+00,1.000003775803271822e+00
3.871935967983991755e+00,1.000003767157942036e+00
3.881940970485242559e+00,1.000003759324700869e+00
3.891945972986492919e+00,1.000003752255289813e+00
3.901950975487743722e+00,1.000003745904180175e+00
3.911955977988994526e+00,1.000003740228425864e+00
3.921960980490244886e+00,1.000003735187523946e+00
3.931965982991495689e+00,1.000003730743281860e+00
3.941970985492746049e+00,1.000003726859692410e+00
3.951975987993996853e+00,1.000003723502814079e+00
3.961980990495247656e+00,1.000003720640658678e+00
3.971985992996498016e+00,1.000003718243083650e+00
3.981990995497748820e+00,1.000003716281690380e+00
3.991995997998999179e+00,1.000003714729728044e+00
4.002001000500250427e+00,1.000003713562003238e+00
4.012006003001500787e+00,1.000003712754791607e+00
4.022011005502751146e+00,1.000003712285757906e+00
4.032016008004001506e+00,1.000003712133876732e+00
