# M,optimal
0.000000000000000000e+00,6.793846003116344119e-34
5.002501250625312514e-03,1.649260512718747351e-01
1.000500250125062503e-02,3.280218857701955315e-01
1.500750375187593841e-02,4.892600273724694859e-01
2.001000500250125005e-02,6.486140123231405319e-01
2.501250625312656170e-02,8.060584318847658913e-01
3.001500750375187682e-02,9.615689347975593382e-01
3.501750875437718846e-02,1.115122262043526380e+00
4.002001000500250011e-02,1.266696266393671166e+00
4.502251125562781175e-02,1.416269912576452628e+00
5.002501250625312340e-02,1.563823299845953141e+00
5.502751375687843505e-02,1.709337693607307251e+00
6.003001500750375363e-02,1.852795539960332416e+00
6.503251625812905834e-02,1.994180461427548234e+00
7.003501750875437692e-02,2.133477242322989742e+00
7.503751875937968163e-02,2.270671886973638198e+00
8.004002001000500022e-02,2.405751595235753104e+00
8.504252126063031880e-02,2.538704772323456815e+00
9.004502251125562351e-02,2.669521047745845088e+00
9.504752376188094209e-02,2.798191253809361179e+00
1.000500250125062468e-01,2.924707442404042013e+00
1.050525262631315654e-01,3.049062886943614714e+00
1.100550275137568701e-01,3.171252059647110322e+00
1.150575287643821887e-01,3.291270649236939683e+00
1.200600300150075073e-01,3.409115549724778926e+00
1.250625312656328258e-01,3.524784838897843553e+00
1.300650325162581167e-01,3.638277791917697179e+00
1.350675337668834353e-01,3.749594864547724171e+00
1.400700350175087538e-01,3.858737673192011108e+00
1.450725362681340724e-01,3.965708985616471338e+00
1.500750375187593633e-01,4.070512702826632356e+00
1.550775387693846818e-01,4.173153860778938018e+00
1.600800400200100004e-01,4.273638607151775126e+00
1.650825412706353190e-01,4.371974172975149564e+00
1.700850425212606376e-01,4.468168861507848533e+00
1.750875437718859284e-01,4.562232033234686845e+00
1.800900450225112470e-01,4.654174076214161460e+00
1.850925462731365656e-01,4.744006386821090437e+00
1.900950475237618842e-01,4.831741349464404145e+00
1.950975487743871750e-01,4.917392309502462311e+00
2.001000500250124936e-01,5.000973548313202954e+00
2.051025512756378122e-01,5.082500260317955210e+00
2.101050525262631308e-01,5.161988525057276789e+00
2.151075537768884494e-01,5.239455278397151972e+00
2.201100550275137402e-01,5.314918286472737563e+00
2.251125562781390588e-01,5.388396118634801724e+00
2.301150575287643774e-01,5.459908114751237385e+00
2.351175587793896959e-01,5.529474357094382952e+00
2.401200600300150145e-01,5.597115644417184122e+00
2.451225612806403054e-01,5.662853455267063296e+00
2.501250625312656517e-01,5.726709917418334683e+00
2.551275637818909425e-01,5.788707777273034871e+00
2.601300650325162334e-01,5.848870379221214222e+00
2.651325662831415797e-01,5.907221622270773409e+00
2.701350675337668705e-01,5.963785928589955709e+00
2.751375687843921614e-01,6.018588212615650690e+00
2.801400700350175077e-01,6.071653859220271343e+00
2.851425712856427985e-01,6.123008683082519887e+00
2.901450725362681449e-01,6.172678895082904127e+00
2.951475737868934357e-01,6.220691071759238078e+00
3.001500750375187265e-01,6.267072133130765721e+00
3.051525762881440729e-01,6.311849305781751518e+00
3.101550775387693637e-01,6.355050087559591887e+00
3.151575787893947100e-01,6.396702218614003677e+00
3.201600800400200009e-01,6.436833658386719392e+00
3.251625812906452917e-01,6.475472554024417349e+00
3.301650825412706380e-01,6.512647204162015591e+00
3.351675837918959289e-01,6.548386032272432544e+00
3.401700850425212752e-01,6.582717563091755153e+00
3.451725862931465660e-01,6.615670396910751982e+00
3.501750875437718569e-01,6.647273173440750860e+00
3.551775887943972032e-01,6.677554547935399043e+00
3.601800900450224940e-01,6.706543167944737149e+00
3.651825912956478404e-01,6.734267652464251519e+00
3.701850925462731312e-01,6.760756558058896637e+00
3.751875937968984220e-01,6.786038357484486028e+00
3.801900950475237684e-01,6.810141417906980799e+00
3.851925962981490592e-01,6.833093983647446024e+00
3.901950975487743500e-01,6.854924146421005560e+00
3.951975987993996964e-01,6.875659826226744542e+00
4.002001000500249872e-01,6.895328751921518062e+00
4.052026013006503335e-01,6.913958446576128125e+00
4.102051025512756244e-01,6.931576202971980294e+00
4.152076038019009152e-01,6.948209066749583052e+00
4.202101050525262615e-01,6.963883819837294986e+00
4.252126063031515524e-01,6.978626967377849155e+00
4.302151075537768987e-01,6.992464720136412737e+00
4.352176088044021895e-01,7.005422980164322411e+00
4.402201100550274804e-01,7.017527326862365911e+00
4.452226113056528267e-01,7.028803003989747111e+00
4.502251125562781175e-01,7.039274908073349657e+00
4.552276138069034639e-01,7.048967577189169553e+00
4.602301150575287547e-01,7.057905181844184916e+00
4.652326163081540455e-01,7.066111514041812036e+00
4.702351175587793919e-01,7.073609978909171758e+00
4.752376188094046827e-01,7.080423586093791855e+00
4.802401200600300291e-01,7.086574942889227735e+00
4.852426213106553199e-01,7.092086247891922213e+00
4.902451225612806107e-01,7.096979284862272586e+00
4.952476238119059571e-01,7.101275417431256010e+00
5.002501250625313034e-01,7.104995585239026745e+00
5.052526263131565942e-01,7.108160300048874447e+00
5.102551275637818851e-01,7.110789642051105197e+00
5.152576288144071759e-01,7.112903258246060290e+00
5.202601300650324667e-01,7.114520360725629544e+00
5.252626313156578686e-01,7.115659724487144899e+00
5.302651325662831594e-01,7.116339687210463616e+00
5.352676338169084502e-01,7.116578149940969489e+00
5.402701350675337411e-01,7.116392577027665922e+00
5.452726363181590319e-01,7.115799996291828577e+00
5.502751375687843227e-01,7.114817002037878702e+00
5.552776388194097246e-01,7.113459756760904362e+00
5.602801400700350154e-01,7.111743992209070164e+00
5.652826413206603062e-01,7.109685013563463940e+00
5.702851425712855971e-01,7.107297703046707049e+00
5.752876438219108879e-01,7.104596522551988258e+00
5.802901450725362897e-01,7.101595517600489238e+00
5.852926463231615806e-01,7.098308323092951788e+00
5.902951475737868714e-01,7.094748167385782622e+00
5.952976488244121622e-01,7.090927875829988736e+00
6.003001500750374531e-01,7.086859878512055566e+00
6.053026513256628549e-01,7.082556215690502199e+00
6.103051525762881457e-01,7.078028542708461934e+00
6.153076538269134366e-01,7.073288133797880128e+00
6.203101550775387274e-01,7.068345892350231807e+00
6.253126563281640182e-01,7.063212356524553925e+00
6.303151575787894201e-01,7.057897704682687845e+00
6.353176588294147109e-01,7.052411760983649636e+00
6.403201600800400017e-01,7.046764005464773994e+00
6.453226613306652926e-01,7.040964699828196061e+00
6.503251625812905834e-01,7.035029174839311672e+00
6.553276638319159852e-01,7.028966554911491471e+00
6.603301650825412761e-01,7.022784546537303996e+00
6.653326663331665669e-01,7.016490585595192897e+00
6.703351675837918577e-01,7.010091841341969499e+00
6.753376688344171486e-01,7.003595223103249445e+00
6.803401700850425504e-01,6.997007387851379434e+00
6.853426713356678412e-01,6.990334745786633164e+00
6.903451725862931321e-01,6.983583465053104788e+00
6.953476738369184229e-01,6.976759477220563888e+00
7.003501750875437137e-01,6.969868484867800085e+00
7.053526763381691156e-01,6.962915968767347863e+00
7.103551775887944064e-01,6.955907192516599835e+00
7.153576788394196972e-01,6.948847207267841775e+00
7.203601800900449881e-01,6.941740858975909312e+00
7.253626813406702789e-01,6.934592794578414043e+00
7.303651825912956808e-01,6.927407467411996755e+00
7.353676838419209716e-01,6.920189142885528000e+00
7.403701850925462624e-01,6.912941904371968427e+00
7.453726863431715532e-01,6.905669658765176244e+00
7.503751875937968441e-01,6.898376142060010707e+00
7.553776888444221349e-01,6.891064924868767427e+00
7.603801900950475368e-01,6.883739417831795215e+00
7.653826913456728276e-01,6.876402876898134231e+00
7.703851925962981184e-01,6.869058408525515524e+00
7.753876938469234092e-01,6.861708974861827848e+00
7.803901950975487001e-01,6.854357175509226963e+00
7.853926963481741019e-01,6.847003939816734608e+00
7.903951975987993928e-01,6.839649532111051755e+00
7.953976988494246836e-01,6.832294214242122798e+00
8.004002001000499744e-01,6.824938231747389672e+00
8.054027013506752652e-01,6.817581835217741748e+00
8.104052026013006671e-01,6.810225274165788711e+00
8.154077038519259579e-01,6.802868796087654601e+00
8.204102051025512488e-01,6.795512647173620913e+00
8.254127063531765396e-01,6.788157071671508724e+00
8.304152076038018304e-01,6.780802312440158630e+00
8.354177088544272323e-01,6.773448610617941235e+00
8.404202101050525231e-01,6.766096205993444634e+00
8.454227113556778139e-01,6.758745336525328717e+00
8.504252126063031048e-01,6.751396237824543789e+00
8.554277138569283956e-01,6.744049144546043983e+00
8.604302151075537974e-01,6.736704289879771324e+00
8.654327163581790883e-01,6.729361905068959260e+00
8.704352176088043791e-01,6.722022218785516756e+00
8.754377188594296699e-01,6.714685458617971392e+00
8.804402201100549608e-01,6.707351850549769345e+00
8.854427213606803626e-01,6.700021618712075799e+00
8.904452226113056534e-01,6.692694985008058595e+00
8.954477238619309443e-01,6.685372169957958022e+00
9.004502251125562351e-01,6.678053392430220114e+00
9.054527263631815259e-01,6.670738869527094828e+00
9.104552276138069278e-01,6.663428815649629300e+00
9.154577288644322186e-01,6.656123444344779649e+00
9.204602301150575094e-01,6.648822967148927177e+00
9.254627313656828003e-01,6.641527593702668320e+00
9.304652326163080911e-01,6.634237531246476749e+00
9.354677338669334929e-01,6.626952985691266562e+00
9.404702351175587838e-01,6.619674161184289751e+00
9.454727363681840746e-01,6.612401260049600715e+00
9.504752376188093654e-01,6.605134482768169946e+00
9.554777388694346563e-01,6.597874027958065213e+00
9.604802401200600581e-01,6.590620092286532561e+00
9.654827413706853489e-01,6.583372870320987502e+00
9.704852426213106398e-01,6.576132554795941054e+00
9.754877438719359306e-01,6.568899336479425699e+00
9.804902451225612214e-01,6.561673404140350385e+00
9.854927463731865123e-01,6.554454944525995863e+00
9.904952476238119141e-01,6.547244142339522455e+00
9.954977488744372049e-01,6.540041180616309013e+00
1.000500250125062607e+00,6.532846241428925005e+00
1.005502751375687787e+00,6.525659504224196716e+00
1.010505252626313188e+00,6.518481146458801057e+00
1.015507753876938368e+00,6.511311343648848116e+00
1.020510255127563770e+00,6.504150269363715431e+00
1.025512756378189172e+00,6.496998095219911562e+00
1.030515257628814352e+00,6.489854990952490965e+00
1.035517758879439754e+00,6.482721124544852387e+00
1.040520260130064933e+00,6.475596661910455687e+00
1.045522761380690335e+00,6.468481767012946193e+00
1.050525262631315737e+00,6.461376601873153547e+00
1.055527763881940917e+00,6.454281326565868504e+00
1.060530265132566319e+00,6.447196099216577103e+00
1.065532766383191499e+00,6.440121076051771531e+00
1.070535267633816900e+00,6.433056411485766901e+00
1.075537768884442080e+00,6.426002257906596071e+00
1.080540270135067482e+00,6.418958765758677742e+00
1.085542771385692884e+00,6.411926083547986543e+00
1.090545272636318064e+00,6.404904357840560891e+00
1.095547773886943466e+00,6.397893733260941573e+00
1.100550275137568645e+00,6.390894352548558643e+00
1.105552776388194047e+00,6.383906356649611702e+00
1.110555277638819449e+00,6.376929884492501976e+00
1.115557778889444629e+00,6.369965073077895390e+00
1.120560280140070031e+00,6.363012057485711637e+00
1.125562781390695211e+00,6.356070970875299153e+00
1.130565282641320612e+00,6.349141944485556799e+00
1.135567783891946014e+00,6.342225107740463663e+00
1.140570285142571194e+00,6.335320588375596529e+00
1.145572786393196596e+00,6.328428512026576414e+00
1.150575287643821776e+00,6.321549002416517737e+00
1.155577788894447178e+00,6.314682181368851843e+00
1.160580290145072579e+00,6.307828168807969149e+00
1.165582791395697759e+00,6.300987082759723634e+00
1.170585292646323161e+00,6.294159039351839624e+00
1.175587793896948341e+00,6.287344152814181797e+00
1.180590295147573743e+00,6.280542535478915056e+00
1.185592796398199145e+00,6.273754297780534728e+00
1.190595297648824324e+00,6.266979548830287960e+00
1.195597798899449726e+00,6.260218396125893037e+00
1.200600300150074906e+00,6.253470944850448632e+00
1.205602801400700308e+00,6.246737298349289702e+00
1.210605302651325710e+00,6.240017558132771036e+00
1.215607803901950890e+00,6.233311823878872282e+00
1.220610305152576291e+00,6.226620193435643102e+00
1.225612806403201471e+00,6.219942762823522209e+00
1.230615307653826873e+00,6.213279626237495634e+00
1.235617808904452275e+00,6.206630876049110235e+00
1.240620310155077455e+00,6.199996602842212212e+00
1.245622811405702857e+00,6.193376896216823191e+00
1.250625312656328036e+00,6.186771843784458547e+00
1.255627813906953438e+00,6.180181531116612170e+00
1.260630315157578840e+00,6.173606042033639163e+00
1.265632816408204020e+00,6.167045458609329955e+00
1.270635317658829422e+00,6.160499861175355640e+00
1.275637818909454602e+00,6.153969328325511690e+00
1.280640320160080003e+00,6.147453936919842654e+00
1.285642821410705405e+00,6.140953762088535939e+00
1.290645322661330585e+00,6.134468877235708995e+00
1.295647823911955987e+00,6.127999354185513781e+00
1.300650325162581167e+00,6.121545263901880141e+00
1.305652826413206569e+00,6.115106675182976126e+00
1.310655327663831970e+00,6.108683655048705141e+00
1.315657828914457150e+00,6.102276268873625398e+00
1.320660330165082552e+00,6.095884580393141405e+00
1.325662831415707732e+00,6.089508651709490294e+00
1.330665332666333134e+00,6.083148543297578037e+00
1.335667833916958536e+00,6.076804314010612273e+00
1.340670335167583715e+00,6.070476021085566387e+00
1.345672836418209117e+00,6.064163720148451731e+00
1.350675337668834297e+00,6.057867465539291452e+00
1.355677838919459699e+00,6.051587310643157025e+00
1.360680340170085101e+00,6.045323306734680990e+00
1.365682841420710281e+00,6.039075503526186495e+00
1.370685342671335682e+00,6.032843949205326517e+00
1.375687843921960862e+00,6.026628690442570324e+00
1.380690345172586264e+00,6.020429772398485646e+00
1.385692846423211666e+00,6.014247238730858314e+00
1.390695347673836846e+00,6.008081131601602287e+00
1.395697848924462248e+00,6.001931491683490272e+00
1.400700350175087427e+00,5.995798358166736897e+00
1.405702851425712829e+00,5.989681769317903637e+00
1.410705352676338231e+00,5.983581762160263828e+00
1.415707853926963411e+00,5.977498371883662287e+00
1.420710355177588813e+00,5.971431632276137158e+00
1.425712856428213993e+00,5.965381575732636499e+00
1.430715357678839394e+00,5.959348233263513706e+00
1.435717858929464796e+00,5.953331634502852410e+00
1.440720360180089976e+00,5.947331807716587981e+00
1.445722861430715378e+00,5.941348779810438963e+00
1.450725362681340558e+00,5.935382576337658200e+00
1.455727863931965960e+00,5.929433221538671361e+00
1.460730365182591362e+00,5.923500739005296722e+00
1.465732866433216541e+00,5.917585150837572527e+00
1.470735367683841943e+00,5.911686477641555193e+00
1.475737868934467123e+00,5.905804738759266037e+00
1.480740370185092525e+00,5.899939952278133504e+00
1.485742871435717927e+00,5.894092135040263081e+00
1.490745372686343106e+00,5.888261302651510931e+00
1.495747873936968508e+00,5.882447469490347913e+00
1.500750375187593688e+00,5.876650648716569059e+00
1.505752876438219090e+00,5.870870852279782781e+00
1.510755377688844270e+00,5.865108091041668636e+00
1.515757878939469672e+00,5.859362375301351733e+00
1.520760380190095074e+00,5.853633713829137442e+00
1.525762881440720253e+00,5.847922114175688080e+00
1.530765382691345655e+00,5.842227582768966698e+00
1.535767883941970835e+00,5.836550124924188232e+00
1.540770385192596237e+00,5.830889744853571699e+00
1.545772886443221639e+00,5.825246445675900553e+00
1.550775387693846818e+00,5.819620229425929381e+00
1.555777888944472220e+00,5.814011097063570332e+00
1.560780390195097400e+00,5.808419048482926783e+00
1.565782891445722802e+00,5.802844083033224187e+00
1.570785392696348204e+00,5.797286198448721173e+00
1.575787893946973384e+00,5.791745392256311575e+00
1.580790395197598786e+00,5.786221660477573359e+00
1.585792896448223965e+00,5.780714998159670159e+00
1.590795397698849367e+00,5.775225399383997704e+00
1.595797898949474769e+00,5.769752857274843549e+00
1.600800400200099949e+00,5.764297364008077906e+00
1.605802901450725351e+00,5.758858910819887988e+00
1.610805402701350530e+00,5.753437488015542556e+00
1.615807903951975932e+00,5.748033084978458440e+00
1.620810405202601334e+00,5.742645690526697599e+00
1.625812906453226514e+00,5.737275292683944095e+00
1.630815407703851916e+00,5.731921878362154388e+00
1.635817908954477096e+00,5.726585433623680998e+00
1.640820410205102498e+00,5.721265943693284228e+00
1.645822911455727899e+00,5.715963392970326851e+00
1.650825412706353079e+00,5.710677765041099363e+00
1.655827913956978481e+00,5.705409042691307775e+00
1.660830415207603661e+00,5.700157207918711499e+00
1.665832916458229063e+00,5.694922241945929997e+00
1.670835417708854465e+00,5.689704125233384424e+00
1.675837918959479644e+00,5.684502837492416916e+00
1.680840420210105046e+00,5.679318357699044917e+00
1.685842921460730226e+00,5.674150664143446932e+00
1.690845422711355628e+00,5.668999734407177193e+00
1.695847923961981030e+00,5.663865545361703724e+00
1.700850425212606210e+00,5.658748073200750461e+00
1.705852926463231611e+00,5.653647293454675093e+00
1.710855427713856791e+00,5.648563181004999656e+00
1.715857928964482193e+00,5.643495710099154294e+00
1.720860430215107595e+00,5.638444854365361358e+00
1.725862931465732775e+00,5.638406112595233388e+00
1.730865432716358177e+00,5.633395381172221050e+00
