# M,optimal
0.000000000000000000e+00,-1.028673305393264915e-32
1.000500250125062503e-02,2.357723601990644596e-02
2.001000500250125005e-02,4.678994559820386090e-02
3.001500750375187682e-02,6.963414481151534996e-02
4.002001000500250011e-02,9.210605169656604918e-02
5.002501250625312340e-02,1.142020894732131281e-01
6.003001500750375363e-02,1.359188895054179724e-01
7.003501750875437692e-02,1.572532939956939046e-01
8.004002001000500022e-02,1.782023584090969004e-01
9.004502251125562351e-02,1.987633536233690545e-01
1.000500250125062468e-01,2.189337678023942080e-01
1.100550275137568701e-01,2.387113079906790780e-01
1.200600300150075073e-01,2.580939014271327880e-01
1.300650325162581167e-01,2.770796965769768971e-01
1.400700350175087538e-01,2.956670638811819685e-01
1.500750375187593633e-01,3.138545962233849074e-01
1.600800400200100004e-01,3.316411091148022128e-01
1.700850425212606376e-01,3.490256405982082866e-01
1.800900450225112470e-01,3.660074508725978393e-01
1.900950475237618842e-01,3.825860216406948844e-01
2.001000500250124936e-01,3.987610551820048310e-01
2.101050525262631308e-01,4.145324731546342067e-01
2.201100550275137402e-01,4.299004151296137999e-01
2.301150575287643774e-01,4.448652368619677167e-01
2.401200600300150145e-01,4.594275083032559048e-01
2.501250625312656517e-01,4.735880113607959796e-01
2.601300650325162334e-01,4.873477374092266001e-01
2.701350675337668705e-01,5.007078845605179573e-01
2.801400700350175077e-01,5.136698546989569847e-01
2.901450725362681449e-01,5.262352502880423000e-01
3.001500750375187265e-01,5.384058709566084122e-01
3.101550775387693637e-01,5.501837098718604935e-01
3.201600800400200009e-01,5.615709499073479050e-01
3.301650825412706380e-01,5.725699596142227454e-01
3.401700850425212752e-01,5.831832890044291728e-01
3.501750875437718569e-01,5.934136651547411434e-01
3.601800900450224940e-01,6.032639876408211199e-01
3.701850925462731312e-01,6.127373238106942344e-01
3.801900950475237684e-01,6.218369039072372262e-01
3.901950975487743500e-01,6.305661160494567818e-01
4.002001000500249872e-01,6.389285010824858890e-01
4.102051025512756244e-01,6.469277473063503869e-01
4.202101050525262615e-01,6.545676850936630320e-01
4.302151075537768987e-01,6.618522814064780047e-01
4.402201100550274804e-01,6.687856342225897421e-01
4.502251125562781175e-01,6.753719668815889587e-01
4.602301150575287547e-01,6.816156223609894926e-01
4.702351175587793919e-01,6.875210574927224094e-01
4.802401200600300291e-01,6.930928371302432778e-01
4.902451225612806107e-01,6.983356282764364709e-01
5.002501250625313034e-01,7.032541941824064224e-01
5.102551275637818851e-01,7.078533884271348553e-01
5.202601300650324667e-01,7.121381489878495508e-01
5.302651325662831594e-01,7.161134923107960182e-01
5.402701350675337411e-01,7.197845073919281189e-01
5.502751375687843227e-01,7.231563498768452947e-01
5.602801400700350154e-01,7.262342361890872233e-01
5.702851425712855971e-01,7.290234376956729045e-01
5.802901450725362897e-01,7.315292749185272614e-01
5.902951475737868714e-01,7.337571118001737780e-01
6.003001500750374531e-01,7.357123500318052400e-01
6.103051525762881457e-01,7.374004234515509904e-01
6.203101550775387274e-01,7.388267925204622388e-01
6.303151575787894201e-01,7.399969388834291006e-01
6.403201600800400017e-01,7.409163600219162982e-01
6.503251625812905834e-01,7.415905640050810543e-01
6.603301650825412761e-01,7.420250643454948669e-01
6.703351675837918577e-01,7.422253749653475730e-01
6.803401700850425504e-01,7.421970052786627248e-01
6.903451725862931321e-01,7.419454553946961406e-01
7.003501750875437137e-01,7.414762114473324450e-01
7.103551775887944064e-01,7.407947410549327039e-01
7.203601800900449881e-01,7.399064889147212165e-01
7.303651825912956808e-01,7.388168725354395949e-01
7.403701850925462624e-01,7.375312781116288852e-01
7.503751875937968441e-01,7.360550565425418856e-01
7.603801900950475368e-01,7.343935195983253283e-01
7.703851925962981184e-01,7.325519362357577613e-01
7.803901950975487001e-01,7.305355290654741429e-01
7.903951975987993928e-01,7.283494709722619920e-01
8.004002001000499744e-01,7.259988818896717655e-01
8.104052026013006671e-01,7.234888257298475178e-01
8.204102051025512488e-01,7.208243074691575991e-01
8.304152076038018304e-01,7.180102703898825212e-01
8.404202101050525231e-01,7.150515934779059224e-01
8.504252126063031048e-01,7.119530889760530279e-01
8.604302151075537974e-01,7.087195000924229049e-01
8.704352176088043791e-01,7.053554988627844802e-01
8.804402201100549608e-01,7.018656841658259538e-01
8.904452226113056534e-01,6.982545798897911160e-01
9.004502251125562351e-01,6.945266332487837202e-01
9.104552276138069278e-01,6.906862132467802562e-01
9.204602301150575094e-01,6.867376092871670945e-01
9.304652326163080911e-01,6.826850299254025867e-01
9.404702351175587838e-01,6.785326017622019812e-01
9.504752376188093654e-01,6.742843684744519450e-01
9.604802401200600581e-01,6.699442899808867313e-01
9.704852426213106398e-01,6.655162417393900576e-01
9.804902451225612214e-01,6.610040141726388763e-01
9.904952476238119141e-01,6.564267014596101291e-01
1.000500250125062607e+00,6.518787870798133932e-01
1.010505252626313188e+00,6.473754760372134598e-01
1.020510255127563770e+00,6.429164138803433737e-01
1.030515257628814352e+00,6.385012413009808485e-01
1.040520260130064933e+00,6.341295943551483738e-01
1.050525262631315737e+00,6.298011046831090143e-01
1.060530265132566319e+00,6.255153997282195677e-01
1.070535267633816900e+00,6.212721029544995277e-01
1.080540270135067482e+00,6.170708340627850674e-01
1.090545272636318064e+00,6.129112092053358163e-01
1.100550275137568645e+00,6.087928411987671984e-01
1.110555277638819449e+00,6.047153397351853199e-01
1.120560280140070031e+00,6.006783115914040572e-01
1.130565282641320612e+00,5.966813608361285493e-01
1.140570285142571194e+00,5.927240890349926294e-01
1.150575287643821776e+00,5.888060954533419489e-01
1.160580290145072579e+00,5.849269772566574321e-01
1.170585292646323161e+00,5.810863297085203660e-01
1.180590295147573743e+00,5.772837463660196455e-01
1.190595297648824324e+00,5.735188192725106937e-01
1.200600300150074906e+00,5.697911391476372378e-01
1.210605302651325710e+00,5.661002955745296772e-01
1.220610305152576291e+00,5.624458771841018834e-01
1.230615307653826873e+00,5.588274718363670512e-01
1.240620310155077455e+00,5.552446667987038786e-01
1.250625312656328036e+00,5.516970489210000217e-01
1.260630315157578840e+00,5.481842048076130958e-01
1.270635317658829422e+00,5.447057209860857174e-01
1.280640320160080003e+00,5.412611840725588541e-01
1.290645322661330585e+00,5.378501809338328554e-01
1.300650325162581167e+00,5.344722988460258728e-01
1.310655327663831970e+00,5.311271256497853699e-01
1.320660330165082552e+00,5.278142499020140876e-01
1.330665332666333134e+00,5.245332610240716065e-01
1.340670335167583715e+00,5.212837494464194199e-01
1.350675337668834297e+00,5.180653067496818753e-01
1.360680340170085101e+00,5.148775258020948931e-01
1.370685342671335682e+00,5.117200008933241451e-01
1.380690345172586264e+00,5.085923278646313772e-01
1.390695347673836846e+00,5.054941042353768843e-01
1.400700350175087427e+00,5.024249293258467031e-01
1.410705352676338231e+00,4.993844043763958629e-01
1.420710355177588813e+00,4.963721326629049191e-01
1.430715357678839394e+00,4.933877196085483807e-01
1.440720360180089976e+00,4.904307728918775866e-01
1.450725362681340558e+00,4.875009025512233585e-01
1.460730365182591362e+00,4.845977210854272577e-01
1.470735367683841943e+00,4.817208435509136022e-01
1.480740370185092525e+00,4.788699836813564703e-01
1.490745372686343106e+00,4.760454425210383089e-01
1.500750375187593688e+00,4.732472042670577972e-01
1.510755377688844270e+00,4.704751677947591748e-01
1.520760380190095074e+00,4.677292310160802713e-01
1.530765382691345655e+00,4.650092908955290039e-01
1.540770385192596237e+00,4.623152434661949028e-01
1.550775387693846818e+00,4.596469838457942769e-01
1.560780390195097400e+00,4.570044062527455209e-01
1.570785392696348204e+00,4.543874040222704580e-01
1.580790395197598786e+00,4.517958696225202186e-01
1.590795397698849367e+00,4.492296946707212135e-01
1.600800400200099949e+00,4.466887699493392594e-01
1.610805402701350530e+00,4.441729854222582485e-01
1.620810405202601334e+00,4.416822302509701426e-01
1.630815407703851916e+00,4.392163928107745696e-01
1.640820410205102498e+00,4.367753607069828625e-01
1.650825412706353079e+00,4.343590207911260381e-01
1.660830415207603661e+00,4.319672591771618886e-01
1.670835417708854465e+00,4.295999612576796300e-01
1.680840420210105046e+00,4.272570117200980011e-01
1.690845422711355628e+00,4.249382945628549235e-01
1.700850425212606210e+00,4.226436931115852280e-01
1.710855427713856791e+00,4.203730900352843358e-01
1.720860430215107595e+00,4.181263673624541766e-01
1.730865432716358177e+00,4.159034064972293998e-01
1.740870435217608758e+00,4.137040882354802718e-01
1.750875437718859340e+00,4.115282927808905367e-01
1.760880440220109922e+00,4.093758997610068007e-01
1.770885442721360725e+00,4.072467882432565522e-01
1.780890445222611307e+00,4.051408367509334307e-01
1.790895447723861889e+00,4.030579232791453581e-01
1.800900450225112470e+00,4.009979253107240904e-01
1.810905452726363052e+00,3.989607198320937465e-01
1.820910455227613856e+00,3.969461833490944280e-01
1.830915457728864437e+00,3.949541919027605430e-01
1.840920460230115019e+00,3.929846210850486687e-01
1.850925462731365601e+00,3.910373460545151225e-01
1.860930465232616182e+00,3.891122415519390199e-01
1.870935467733866986e+00,3.872091819158889892e-01
1.880940470235117568e+00,3.853280410982313775e-01
1.890945472736368149e+00,3.834686926795772277e-01
1.900950475237618731e+00,3.816310098846658061e-01
1.910955477738869313e+00,3.798148655976826826e-01
1.920960480240120116e+00,3.780201323775096434e-01
1.930965482741370698e+00,3.762466824729046588e-01
1.940970485242621280e+00,3.744943878376091329e-01
1.950975487743871861e+00,3.727631201453811549e-01
1.960980490245122443e+00,3.710527508049516476e-01
1.970985492746373025e+00,3.693631509749020214e-01
1.980990495247623828e+00,3.676941915784611159e-01
1.990995497748874410e+00,3.660457433182190412e-01
2.001000500250125214e+00,3.644176766907565312e-01
2.011005502751375573e+00,3.628098620011873665e-01
2.021010505252626377e+00,3.612221693776118681e-01
2.031015507753876737e+00,3.596544687854805744e-01
2.041020510255127540e+00,3.581066300418643822e-01
2.051025512756378344e+00,3.565785228296316500e-01
2.061030515257628704e+00,3.550700167115283246e-01
2.071035517758879507e+00,3.535809811441605888e-01
2.081040520260129867e+00,3.521112854918784230e-01
2.091045522761380671e+00,3.506607990405571362e-01
2.101050525262631474e+00,3.492293910112772015e-01
2.111055527763881834e+00,3.478169305738987305e-01
2.121060530265132638e+00,3.464232868605300886e-01
2.131065532766382997e+00,3.450483289788899843e-01
2.141070535267633801e+00,3.436919260255590358e-01
2.151075537768884161e+00,3.423539470991222577e-01
2.161080540270134964e+00,3.410342613131986944e-01
2.171085542771385768e+00,3.397327378093583650e-01
2.181090545272636128e+00,3.384492457699243562e-01
2.191095547773886931e+00,3.371836544306587302e-01
2.201100550275137291e+00,3.359358330933321368e-01
2.211105552776388095e+00,3.347056511381736321e-01
2.221110555277638898e+00,3.334929780362022589e-01
2.231115557778889258e+00,3.322976833614367242e-01
2.241120560280140062e+00,3.311196368029835635e-01
2.251125562781390421e+00,3.299587081770025687e-01
2.261130565282641225e+00,3.288147674385474284e-01
2.271135567783892029e+00,3.276876846932821885e-01
2.281140570285142388e+00,3.265773302090707042e-01
2.291145572786393192e+00,3.254835744274394149e-01
2.301150575287643552e+00,3.244062879749126660e-01
2.311155577788894355e+00,3.233453416742184117e-01
2.321160580290145159e+00,3.223006065553648547e-01
2.331165582791395519e+00,3.212719538665864127e-01
2.341170585292646322e+00,3.202592550851581232e-01
2.351175587793896682e+00,3.192623819280791531e-01
2.361180590295147486e+00,3.182812063626224153e-01
2.371185592796398289e+00,3.173156006167516807e-01
2.381190595297648649e+00,3.163654371894046302e-01
2.391195597798899453e+00,3.154305888606411257e-01
2.401200600300149812e+00,3.145109287016569222e-01
2.411205602801400616e+00,3.136063300846611002e-01
2.421210605302651420e+00,3.127166666926183280e-01
2.431215607803901779e+00,3.118418125288538456e-01
2.441220610305152583e+00,3.109816419265219456e-01
2.451225612806402943e+00,3.101360295579369541e-01
2.461230615307653746e+00,3.093048504437667656e-01
2.471235617808904550e+00,3.084879799620882102e-01
2.481240620310154910e+00,3.076852938573044760e-01
2.491245622811405713e+00,3.068966682489235875e-01
2.501250625312656073e+00,3.061219796401986604e-01
2.511255627813906877e+00,3.053611049266289346e-01
2.521260630315157680e+00,3.046139214043220300e-01
2.531265632816408040e+00,3.038803067782169243e-01
2.541270635317658844e+00,3.031601391701675974e-01
2.551275637818909203e+00,3.024532971268876769e-01
2.561280640320160007e+00,3.017596596277554721e-01
2.571285642821410811e+00,3.010791060924799534e-01
2.581290645322661170e+00,3.004115163886272866e-01
2.591295647823911974e+00,2.997567708390082020e-01
2.601300650325162334e+00,2.991147502289265292e-01
2.611305652826413137e+00,2.984853358132882883e-01
2.621310655327663941e+00,2.978684093235722807e-01
2.631315657828914301e+00,2.972638529746621794e-01
2.641320660330165104e+00,2.966715494715397861e-01
2.651325662831415464e+00,2.960913820158405652e-01
2.661330665332666268e+00,2.955232343122707883e-01
2.671335667833917071e+00,2.949669905748876220e-01
2.681340670335167431e+00,2.944225355332416583e-01
2.691345672836418235e+00,2.938897544383822780e-01
2.701350675337668594e+00,2.933685330687270110e-01
2.711355677838919398e+00,2.928587577357940619e-01
2.721360680340170202e+00,2.923603152897999991e-01
2.731365682841420561e+00,2.918730931251212746e-01
2.741370685342671365e+00,2.913969791856214075e-01
2.751375687843921725e+00,2.909318619698441077e-01
2.761380690345172528e+00,2.904776305360718958e-01
2.771385692846423332e+00,2.900341745072523847e-01
2.781390695347673692e+00,2.896013840757913904e-01
2.791395697848924495e+00,2.891791500082139810e-01
2.801400700350174855e+00,2.887673636496945195e-01
2.811405702851425659e+00,2.883659169284553681e-01
2.821410705352676462e+00,2.879747023600360278e-01
2.831415707853926822e+00,2.875936130514324396e-01
2.841420710355177626e+00,2.872225427051076641e-01
2.851425712856427985e+00,2.868613856228746650e-01
2.861430715357678789e+00,2.865100367096516942e-01
2.871435717858929593e+00,2.861683914770913884e-01
2.881440720360179952e+00,2.858363460470836337e-01
2.891445722861430756e+00,2.855137971551343634e-01
2.901450725362681116e+00,2.852006421536192327e-01
2.911455727863931919e+00,2.848967790149150026e-01
2.921460730365182723e+00,2.846021063344079116e-01
2.931465732866433083e+00,2.843165233333806441e-01
2.941470735367683886e+00,2.840399298617787283e-01
2.951475737868934246e+00,2.837722264008573636e-01
2.961480740370185050e+00,2.835133140657088990e-01
2.971485742871435853e+00,2.832630946076729050e-01
2.981490745372686213e+00,2.830214704166293394e-01
2.991495747873937017e+00,2.827883445231753057e-01
3.001500750375187376e+00,2.825636206006872375e-01
3.011505752876438180e+00,2.823472029672688399e-01
3.021510755377688540e+00,2.821389965875862327e-01
3.031515757878939343e+00,2.819389070745909054e-01
3.041520760380190147e+00,2.817468406911319834e-01
3.051525762881440507e+00,2.815627043514583594e-01
3.061530765382691310e+00,2.813864056226119126e-01
3.071535767883941670e+00,2.812178527257134242e-01
3.081540770385192474e+00,2.810569545371413014e-01
3.091545772886443277e+00,2.809036205896046634e-01
3.101550775387693637e+00,2.807577610731124551e-01
3.111555777888944441e+00,2.806192868358383663e-01
3.121560780390194800e+00,2.804881093848842211e-01
3.131565782891445604e+00,2.803641408869415597e-01
3.141570785392696408e+00,2.802472941688534669e-01
3.151575787893946767e+00,2.801374827180775906e-01
3.161580790395197571e+00,2.800346206830509610e-01
3.171585792896447931e+00,2.799386228734588311e-01
3.181590795397698734e+00,2.798494047604075941e-01
3.191595797898949538e+00,2.797668824765034978e-01
3.201600800400199898e+00,2.796909728158384345e-01
3.211605802901450701e+00,2.796215932338834698e-01
3.221610805402701061e+00,2.795586618472921669e-01
3.231615807903951865e+00,2.795020974336137054e-01
3.241620810405202668e+00,2.794518194309181802e-01
3.251625812906453028e+00,2.794077479373344164e-01
3.261630815407703832e+00,2.793698037105019627e-01
3.271635817908954191e+00,2.793379081669381536e-01
3.281640820410204995e+00,2.793119833813218489e-01
3.291645822911455799e+00,2.792919520856948501e-01
3.301650825412706158e+00,2.792777376685817159e-01
3.311655827913956962e+00,2.792692641740304182e-01
3.321660830415207322e+00,2.792664563005733958e-01
